CELL    CHGR   SCTYPE    SDCCH   SDCCHAC   TN       CBCH       HSN   HOP  DCHNO
G12345	0                4       0         1        YES        41    ON   657,682,709,743
G34877	0                5       0         1,2      YES        39    OFF  636,688,711,729
JLNT2	0                3       0         1,2,3    YES        15    ON   645,718,722
G12346	0                1       0         1        YES        22    OFF  64
G12346	1                2       0         1        NO         45    ON   23,54,56,60
JLNE_3	0                1       0         1        YES        22    OFF  70
JLNE_3 	1                3       0         1        NO         35    ON   19,23,53,55,57,60,70,80,124
JLNE_3 	2                3       0         3,4,5    NO         40    ON   19,23,53,55,57,60,70,80,124,12,63,75,87,90,89,78,11,33,43,45,77,100,65,81,15,25,59,48,72,34,17,29
JLNE_3 	3                3       0         3,4,5    NO         40    ON   19,23
JLNE_3 	4                3       0         1        NO         40    ON   19,23,53
JLNE_3 	5                1       0         3        NO         40    ON   19,23
JLNE_3 	6                3       0         1,2      NO         40    ON   19,23,53,55
JLNE_3 	8                3       0         2        NO         40    ON   19,23
G34491  0                1       0         1        YES        22    OFF  68
G34491	1                1       0         1        NO         30    ON   20,22,62
G34543	0                1       0         3,4      YES        22    OFF  71
G34397	0                4       0         1        YES        27    ON   657,686,702,713,719,740